1207664483
1459441475
1207658658
1207660773
1684728509
1104739253
1441269533
1207666783
1442910587
1207666213
1207664673
1427704829
1207659763
1207666943
1207667003
1426762679
1440152251
1207658884
1207660883
1207665893
1207658885
1207665333
1426519399
1441096843
1207659038
1436955815
1207658988
1207658711
1207658874
1207664583
1207660243
1207659443
1207664603
1207659012
1434460532
1438074791
1438075172
1207667123
1207667133
1207667143
1207659224
1422870624
1207658842
1430398832
1846445578
1244052225
1207658829
1443432851
1433320879
1913968552
1207658680
1447327294
1582150323
1460023188
1581811358
1207665523
1207658958
1207660054
1130879425
1420648481
1207659156
1207664623
1207666353
1459337461
1207660373
1207660783
1312830628
1207660483
1207658707
1207658708
1207658900
1797331296
2140144872
1207658676
1207658954
1207660124
1454067812
1207662533
1447947499
1207658806
1440407371
1449569170
1207664573
1460735586
1460735771
1460737586
1460737826
1460735025
1460734645
1460737325
1430743890
1207667233
1207660813
1638499829
1207664393
1207658728
1207664163
1470599529
1457531523
1448275717
1207658856
1207658808
1446645601
1453909333
1423824400
1207659081
1207659024
1741374013
1207662143
1207667193
1434036647
1207662943
1207659253
1207658835
1455529924
1431942210
1411619402
1207659169
1207658721
1284364409
1207659963
1207658678
1207659189
1430866932
1409132640
1207665363
1207659543
1450347751
1430123043
1207664613
1437047329
1367477034
1207659191
1455704049
1207659633
1207658734
1207658803
1207658998
1207658646
1207664203
1432563933
1460712231
1434623024
1227377909
1207659005
1207659132
1604919931
1097611792
1207658812
1207658813
1207666643
1423233026
1207658933
1432297044
1432925592
1439377578
1809223221
1207659152
1453128328
1430388542
1433153796
1433254891
1207659168
1207659133
1207660703
1207658904
1450711444
1452693347
1207658972
1430901154
1207659025
1207658796
1456922969
1207666333
1427188253
1230412827
1207660533
1458826738
1960384075
1426250716
1207659222
1207665703
1459868439
1288540119
1207660663
1207659103
1207660233
1207660593
1207659943
4
1207664713
1207658926
1207658995
1929434313
1432715627
1207659163
1438268682
1207659185
1207658774
1276899051
1207665933
1207658683
1121892325
1207658805
1207659263
1207659246
1445524575
1207659210
1207664293
1440161275
1207666463
1394340350
1455290087
1207659250
1949616134
1207666713
1437994027
1460948999
1207666503
1207666513
1207659177
1207660443
1207664983
1441869560
1207665903
1207658934
1835348437
1444390881
1444390670
1436885138
1444640476
1847879387
1207660253
1460996021
1448452156
1207659194
1207659147
1207658739
1207658672
1207664333
1589369222
1440163901
1427876514
1455891732
1207658859
1207658860
1207658761
1459847591
1986504189
1207659231
1207662523
1207659220
1207659913
1207661353
1207659112
1423228477
1441875985
1428928921
1478758387
1976935743
1207658775
1207659200
1453723536
1207658648
1207659232
1207664473
1423058413
1428586504
1348425010
1443160711
1448987168
1440166342
1440163405
1207658868
1207659042
1437060567
1207659211
1434372124
1207660303
1207658693
1207659723
1442576067
1995778415
1169415882
1207658929
1436871302
1207664153
1207659059
1445250806
1207667013
1207665593
1134577161
1292508911
1439809043
1207660633
1207658837
1207658828
1426253010
1444400746
1196401295
1279876255
1446542988
1449648020
1760930542
1446111517
1207658977
1207659733
1207659067
1207658687
1207659843
1207658650
1207664873
1207658720
1207658846
1207665103
1514020096
1207660403
2056546893
1740495502
1207658682
1207658986
1442498547
1429007120
1207659216
1812959072
1207658782
1207659513
1432809186
1437125214
1432813727
1207658922
1427103890
1207658759
1207666533
1424100574
1459790972
1445349952
1457001454
1207665623
1450100911
1415931005
1428932392
1437561494
1435240365
1207658793
1207659053
1207658785
1207658915
1207659010
1207660853
1207659173
1522747276
1424442317
1424773427
1424773562
1207665313
1444812654
1443428641
1452686225
1255274701
1452863689
1444639412
1207658666
1207666683
1207659204
1207659139
1448280463
1268757981
1207659127
1207658865
1425034773
1405825704
1436435983
1646305015
1207659793
1916896012
1207658836
1436951929
1207658655
1447064571
1434445160
1207659258
1207659260
1207658741
1207658689
1207658653
1207658690
1458127099
1207664213
1207659009
1460710709
1193046833
1429864849
1259063039
1423479583
1207659096
1420812121
1420813366
1207667083
1207667153
1207658839
1207665283
1445245918
1207658675
1207658772
1331315680
1393433855
1454319762
1207666573
1207659196
1433846264
1207664313
1207658980
1457355665
1446797453
1207666953
1272721020
1455107123
1207659101
1207659030
1207659016
1444826419
1437553673
1207659813
1441229340
1444041616
1423058817
1207659158
1207659243
1456754427
1426765313
1207659903
8
1207658971
1444053723
1207658955
1447763046
1207658794
1207658778
1207658784
1420648167
1421250907
1207666743
1207659128
1443433575
1457427157
1207658694
1207659017
1207659187
1207659236
1423826709
1203084502
1448355943
1207665123
1207665133
1561716235
1422452702
1433148949
1441029515
1207658858
1583557467
1431943502
1207658645
1207659126
1207659583
1207658758
1207659803
1428580803
1428581105
1428587439
1428588163
1207666003
1349103774
1436434037
1207667203
1312439301
1995567033
1170025678
1207658788
1207658918
1207665583
1444400283
1893001152
1207658792
1448280389
1425039730
1207659853
1207659114
1230154140
1207658895
1207658897
1207666913
1207666933
1207664833
1207659074
1444761329
1441801923
1207658818
1453282796
1207667263
1207665993
1207658890
1207659218
1941108493
1455194518
1444206831
1207666093
1429699401
1207658964
1207659155
1969367608
1426499435
1435937720
1207658705
1424782268
1424782569
1574464714
1094440425
1076210813
1730572477
2030042380
1207665033
1207659157
1207660383
1119659879
1291537992
1384944984
1207660064
1207664463
1438770870
1163019077
1159880091
1470685745
1207658715
1434542135
1718630725
1207659238
1207658716
1207658866
1207659209
1333602811
1951847103
1207658802
1455701771
1457955115
1430136184
1207658667
1207658773
1207658841
1331575837
1207666563
1427292148
1439805257
1439894629
1426251362
1207658910
1207659060
1207659883
1207658887
1351624781
1207658902
1688206338
1207658981
1207658791
1207659113
1207658754
1207658795
1207659144
1207659091
1207658747
1442909513
1207659613
1207658736
1207659235
1453298883
1207659122
1453385169
1207658710
1441715815
1207665513
1443696086
1207659040
1207659233
1123684973
1459856152
1445524380
1445250876
1207666663
1441102382
1207658940
1207659234
1207658919
1444027762
1207664443
1207658921
1432285342
1207658801
1207660613
1207658674
1677885333
1664096574
1460114368
1423080728
1423214759
1207659043
1207659049
1207658840
1207659223
1427964976
1207659175
1207659244
1207663153
1207663173
1454068042
1455534282
1207658819
1207658686
1207659242
2069019551
1207659032
1435570424
1435570651
1207659083
1207660013
1207660583
1207660573
1207665233
1207658651
1430740694
1207666303
1207659098
1435321049
1453277526
1423487549
1207658811
1440698356
1440698774
1436955893
1207659141
1207666493
1444806723
1207666253
1207658668
1207658742
1207658877
1207664773
1207658724
1601442230
1207659573
1728393087
1207659142
1438597383
1207665843
1207658914
1436866438
1439900139
1207660913
1440697210
1456141287
1454499527
1456490149
1207658669
1424868751
1424868860
1454930864
1460731832
1460731213
1207658659
1207658936
1471405734
1207660463
1445250539
1452682147
1298069403
1207658770
1207659041
2086050016
1207658699
1207658700
1207660343
1559764443
1207664303
1458729425
1876268007
1458053826
1207662553
1459259227
1207665024
1207666453
1207659143
1422630762
1455617752
1445609115
1207659003
1207659215
1207658875
1207667113
1383775419
2036544275
1207659018
1207658976
1207660473
1207658939
1207658719
1948823323
1207659145
1207658967
1773820830
1429089605
1429172763
1866866270
1421404701
1421404646
1421404581
1421405135
1421404999
1428935726
1207666283
1421404950
1421404763
1421404508
1452257327
1452598881
1453375253
1207659693
1426507697
1207659100
1440603706
1430239690
1430386162
1207660713
1207659007
1457539226
2005528327
1207659134
1207664533
1433852499
1450362827
1443000530
1443000342
1207658713
1432565635
1458056008
1207664353
1421064427
1439452105
1207660793
1456141688
1422281930
1207666623
1207665573
1207658946
1450279740
2080526928
1422619461
1207658848
1207659079
1207659193
2116300560
1207659172
1852379375
1432213337
1207666753
1207659066
1430135783
1207658753
2122277533
1207658889
1434984562
1448625945
1452769829
1207660433
1207665183
1207658769
1207658767
1207659000
1425299904
1423221839
1446465369
1443778954
1442564308
1580842560
1372401911
1950015716
1432899949
1207659140
2140144873
1133130154
1159805368
1207666183
1401438095
1432207977
1207667163
1452699415
1207660423
1207659036
1513553405
1109065057
1332540609
1207659463
1207659743
1460032883
1436869408
1427985242
1429024794
1207659072
1207658752
1207659052
1207659077
1207659069
1429865580
1207659044
1207658912
1207660863
1431078929
1429612159
1720767912
1207666243
1207660353
1431599567
1207660023
1435068351
1436885062
1444303206
1812631235
1207659214
1183547197
1447126331
1207659252
1207658815
1445250340
1440164514
1207659062
1207658965
1207658984
1207659093
1447688349
1207659227
1207659087
1207658679
1207658692
1207665063
1207659033
1453195863
1466230825
2074961301
1445528240
1455120451
1207659240
1207665373
1434357748
1433856545
1680239891
1207658783
1207665483
1455545518
1207659247
1443606025
1207659110
1207658725
1438007195
1207660163
1207665153
1207658702
1443083988
1115004086
1453197519
1207659019
1434370838
1207658960
1207659021
1207659473
1207666473
1207666423
1207664663
1441620909
1640424747
1207666883
1207659229
1458655673
1441705226
1421855536
1207659061
1207659170
1387286368
1462173886
1455645883
1456399450
1445249599
1445249983
1441038404
1446131634
1207664803
1354053863
1422357892
1422357788
1207659171
1706509320
1437564865
1951862657
1239682736
1207660503
1207658913
1207659097